NAME : SND14C6N7D3T20S
NODES : 6
PERIODS : 7
OUTSOURCING : 3300
CAPACITY : 30
COMMODITIES : 14
VEHICLES : 3
SCENARIOS : 20
RELOADCOST : 0
MARGINALTRUCKCOST : 0
COST : 

100	220	341	457	471	591
220	100	468	403	399	514
341	468	100	363	346	545
457	403	363	100	422	422
471	399	346	422	100	111
591	514	545	422	111	100


DISTANCE : 
1	1	1	1	1	1
1	1	1	1	1	1
1	1	1	1	1	1
1	1	1	1	1	1
1	1	1	1	1	1
1	1	1	1	1	1

ORIGIN : 													
1	1	1	1	2	2	3	3	3	4	4	5	6	6
DESTINATION :       													
2	3	2	6	1	3	1	2	5	2	6	6	2	4
AVAILABLE :         													
1	0	0	5	1	2	2	4	5	0	1	2	0	2
DELIVERED :         													
3	3	2	2	3	5	4	3	0	3	5	5	3	5					                    
EOF																																																																															                    
																																																																														                    
